snap(-70,-21,-6)
sky(5,74,80)
fog(0,213,128)
clouds(255,255,255,5,-1000)
ground(229,229,229)
polys(200,255,230)
fadefrom(5390)
density(2)
mountains(66183)
nlaps(2)
name(Ghost in the Machine)
lightson()

set(47,0,0,0)p
set(20,0,5600,180)p
set(15,0,11200,0)p
set(15,0,16800,0)
set(34,0,16800,0)pr
set(15,0,22400,0)p
set(15,0,28000,0)p
set(15,0,33600,0)
chk(42,0,35750,0)r
set(17,0,38150,-90)pt


set(15,-4550,38150,90)p
set(15,-10150,38150,90)p
chk(42,-12800,38150,90)r
set(17,-14700,38150,90)


set(20,-14700,42700,0)p
set(10,-14700,48300,0)p
chk(40,-14700,51250,0)r
set(14,-14700,52850,0)


set(10,-10150,52850,90)p
set(32,-9000,52650,-90)pr

set(10,-4550,52850,90)p
set(10,1050,52850,90)
set(31,3258,52850,-90)pr
set(23,3850,52850,90)


set(23,15050,52850,-90)
set(10,17850,52850,90)
set(31,15995,52850,90)pl
set(10,23450,52850,90)p
set(10,29050,52850,90)p
set(10,34650,52850,90)p
chk(40,37450,52850,90)r
set(14,39200,52850,180)



set(22,39200,55160,180)p
set(18,39200,58520,180)p
set(18,39200,61880,180)
set(36,41010,56700,-90)
set(36,41010,58520,-90)ph
set(36,41010,60340,-90)
set(36,41010,62160,-90)
set(22,39200,65240,0)
set(36,41010,63980,-90)
set(14,39200,67550,-90)pt


set(10,34650,67550,90)
chk(40,36080,67550,90)r
set(10,29050,67550,90)p

//splitpaths AI

set(13,23420,66030,-60)p
set(10,17790,64510,-90)p
set(26,14390,64510,90)pr
set(23,14990,64510,-90)

//other path

set(12,23420,69070,-120)
set(10,17790,70590,-90)
set(26,14390,70590,90)
set(23,14990,70590,-90)



set(10,-2820,67550,-90)
chk(40,-5620,67550,90)r
set(14,-7370,67550,0)pt


set(10,-7370,63000,0)
set(10,-7370,60900,0)p
chk(40,-7370,58100,0)r
set(14,-7370,56350,90)pt

set(10,-2820,56350,90)p
set(10,-720,56350,-90)
set(10,4880,56350,-90)p
set(14,9430,56350,-90)pt



chk(40,9430,54600,0)
set(10,9430,51800,180)p

//splitpaths player

set(10,9430,46200,180)
set(10,9430,40600,180)
set(31,9430,35924,180)
set(10,9430,35000,180)
set(10,9430,29400,180)
set(10,9430,23800,180)
set(13,10950,18170,210)
set(10,12470,12540,180)


//splitpath AI

set(13,10950,46170,210)p
set(10,12470,40540,180)p
set(28,12470,37208,180)pr
set(10,12470,34940,180)
fix(41,12470,32140,-1200,0)s
set(10,12470,29340,180)
set(10,12470,23740,180)
set(38,12470,23748,0)
set(38,12470,25470,0)
set(38,12470,20046,0)
set(10,12470,18140,180)p



chk(40,12470,9740,0)r
set(14,12470,7990,90)pt


set(10,17020,7990,90)p
set(10,22620,7990,90)p
chk(40,25420,7990,90)r
set(14,27170,7990,180)pt



set(10,27170,12540,180)p
set(20,27170,18140,180)
set(15,27170,23740,180)p
set(50,27170,25489,0)pr
set(15,27170,29340,180)
set(16,27170,34940,0)p
set(15,27170,40540,180)
chk(42,27170,43340,0)r
set(17,27170,45090,0)pt

set(15,31720,45090,90)
set(15,34650,45090,-90)p
set(17,39200,45090,-90)pt



chk(42,39200,43340,0)r
set(15,39200,40540,0)p
set(15,39200,34940,0)
set(34,39200,34648,0)pr
set(15,39200,29340,0)p
set(15,39200,23740,0)
set(33,39200,27161,0)
set(20,39200,18140,180)p
set(10,39200,12540,180)p
set(10,39200,6940,180)p
set(10,39200,1340,180)p
set(10,39200,0,180)p
//hurdle
set(38,39200,11930,0)
set(38,39200,7850,0)
set(38,39200,10050,0)
set(38,39200,5825,0)
set(38,39200,4010,0)
//end
chk(40,39200,-2800,0)
set(14,39200,-4550,180)pt


set(10,34650,-4550,-90)p
set(10,29050,-4550,-90)p
set(23,26685,-4550,-90)
set(31,27196,-4550,90)pr
set(23,16114,-4550,90)
set(10,12250,-4550,-90)
set(30,14434,-4550,-90)pl
set(10,6650,-4550,-90)p
set(10,4550,-4550,90)p
chk(40,0,-2800,0)r



//end of meaningful stuff


set(24,14860,59080,90)p
set(15,17660,59080,90)
set(33,17520,59080,90)
set(15,23260,59080,90)
set(33,24365,59080,90)
set(15,28860,59080,90)
set(24,32920,59080,-90)
set(15,30120,59080,-90)
set(33,31430,59080,90)
set(10,930,67550,90)
set(23,3730,67550,90)
set(15,19505,18620,180)
set(44,19505,24220,180)
set(34,19505,23800,180)
fix(41,19505,29380,-2000,0)
set(43,19505,29820,0)
set(44,19505,35420,0)
set(34,19505,35420,180)
set(15,19505,41020,180)
set(24,19505,43820,0)
set(24,19505,15820,180)

set(14,0,-4550,90)pt




maxl(17,-18696,-5625)
maxb(13,-8025,-16296)
maxr(17,43703,-5625)
maxt(13,73575,-16296)
