snap(-50,-70,-70)
sky(20,20,20)
fog(70,0,0)
clouds(255,255,255,5,-1000)
ground(170,20,20)
texture(0,0,0,50)
fadefrom(3900)
density(1)
mountains(82007)
nlaps(-1)
name(Out for Blood)
lightson()
set(47,0,0,0)p
set(23,0,2050,180)p
set(23,0,14164,180)
set(12,-1520,7006,150)
set(13,1520,7006,210)
set(28,0,12000,0)pr
set(23,3040,4176,0)p
set(37,4300,2600,90)
set(23,3040,-4176,180)p
set(37,4300,-2600,90)
set(12,1520,-7006,-30)
set(13,-1520,-7006,30)
set(23,-3040,-4176,180)p
set(37,-4300,-2600,90)
set(23,-3040,4176,0)p
set(37,-4300,2600,90)
chk(40,0,14500,0)
chk(40,0,-14500,0)
set(24,-6000,6000,180)
set(24,-6000,6000,0)
set(33,-6000,6000,0)pr
set(13,-7170,11520,120)
set(23,-4340,13040,90)p
set(23,4340,13040,-90)p
set(12,7170,11520,-120)
set(23,10000,10000,90)
set(26,11000,10000,90)pr
set(24,6000,6000,0)
set(24,6000,-6000,0)
set(24,6000,-6000,180)
set(33,6000,-6000,0)pr
set(13,7170,-11520,120)
set(23,4340,-13040,-90)p
set(23,-4340,-13040,90)p
set(12,-7170,-11520,-120)
set(23,-10000,-10000,-90)
set(26,-11000,-10000,-90)pr
set(24,-6000,-6000,180)
set(24,-6000,-6000,0)
set(33,-6000,-6000,0)pr
set(24,6000,6000,180)
set(33,6000,6000,0)pr
set(23,-10000,10000,-90)
set(26,-11000,10000,-90)pr
set(23,10000,-10000,90)
set(26,11000,-10000,90)pr
set(23,0,-2100,0)
set(23,0,-14164,0)
set(28,0,-12000,0)pr
set(23,9836,0,-90)
set(23,14164,0,90)
set(31,10855,0,90)
set(23,-9836,0,90)
set(23,-14164,0,-90)
set(31,-10855,0,-90)
set(37,-10000,6000,180)
set(37,-11100,6000,180)
set(37,-12200,6000,180)
set(37,-13300,6000,180)
set(37,-14400,6000,180)
set(37,10000,6000,180)
set(37,11100,6000,180)
set(37,12200,6000,180)
set(37,13300,6000,180)
set(37,14400,6000,180)
set(37,-10000,-6000,180)
set(37,-11100,-6000,180)
set(37,-12200,-6000,180)
set(37,-13300,-6000,180)
set(37,-14400,-6000,180)
set(37,10000,-6000,180)
set(37,11100,-6000,180)
set(37,12200,-6000,180)
set(37,13300,-6000,180)
set(37,14400,-6000,180)pr

maxl(7,-16800,-14400)
maxb(7,-16800,-14400)
maxr(7,16800,-14400)
maxt(7,16800,-14400)
