snap(12,-32,-60)
sky(238,232,223)
fog(217,212,188)
clouds(255,255,255,5,-1000)
ground(230,223,172)
texture(0,0,0,10)
fadefrom(5510)
density(3)
mountains(40940)
nlaps(4)
name(Desert Oasis)
lightson()


set(51,0,0,0)p
set(18,0,5600,180)p
set(18,0,10477,0)
set(54,0,13277,180)
set(55,0,13014,0)pr
set(24,0,21492,180)p
set(15,0,24292,180)p
set(15,0,28000,0)p
set(20,0,33600,0)p
set(14,0,38150,0)
chk(40,0,36400,0)
set(10,4550,38150,90)p
set(12,10180,36630,60)p
set(22,13570,35110,90)p
set(18,16930,35110,90)
set(36,17570,33300,180)
set(36,17570,36920,0)ph
set(18,22530,35110,-90)
set(36,23030,33300,180)
set(36,21210,33300,180)
set(36,19390,33300,180)
set(36,23030,36920,0)
set(36,21210,36920,0)
set(36,19390,36920,0)
set(22,25890,35110,-90)
set(36,24850,33300,180)
set(36,24850,36920,0)
set(10,29250,35110,-90)p
set(10,34850,35110,-90)p
set(38,32866,35110,-90)
set(10,38210,35110,-90)p
set(38,37585,35110,-90)
set(38,35170,35110,-90)
set(14,42760,35110,-90)
chk(40,42760,33360,0)
set(10,42760,30560,180)p
set(10,42760,24960,180)p
set(14,42760,20410,180)pt
set(13,38180,18890,-60)p
set(20,32550,17370,-90)p
set(15,26950,17370,-90)
chk(42,29200,17370,90)
set(16,21350,17370,90)p
set(15,15750,17370,-90)
set(34,15802,17370,90)pr
set(15,10150,17370,-90)p
fix(41,5340,17370,-2000,90)
set(16,4550,17370,-90)p
set(15,-1050,17370,-90)

set(15,-6650,17370,90)p
set(17,-11200,17370,90)
chk(42,-9450,17370,90)
set(15,-11200,21920,180)p
set(15,-11200,27520,180)p
set(17,-11200,32070,-90)
chk(42,-12950,32070,90)
set(17,-14700,32070,0)pt
set(16,-14700,27520,0)p
set(15,-14700,21920,0)p
set(15,-14700,16320,0)
set(24,-14700,13520,180)
set(34,-14700,15612,180)pr
set(24,-14700,4205,0)p
set(16,-14700,1405,0)p
set(15,-14700,-4195,0)p
set(15,-14700,-9795,0)p
set(15,-14700,-11200,180)p
set(17,-14700,-15750,90)
chk(42,-14700,-14000,0)
set(21,-10150,-15750,-90)p
set(18,-4550,-15750,-90)p
set(19,0,-15750,180)
chk(40,0,-14000,0)
set(18,0,-11200,180)p

set(24,-7350,-8000,180)po
set(15,-7350,-5200,0)
fix(41,-7350,450,-2000,0)
set(15,-7350,400,0)
set(34,-7350,-2400,0)
set(15,-7350,6000,0)
set(34,-7350,3863,0)
set(24,-7350,8800,0)
set(24,33200,26730,-90)
set(15,30400,26730,-90)
set(15,24800,26730,-90)
set(50,27600,26730,90)
set(15,19200,26730,-90)
set(15,13600,26730,-90)
set(50,16155,26730,-90)
set(24,10800,26730,90)
set(17,9447,9136,0)
set(15,13997,9136,90)
set(15,19597,9136,90)
set(35,17536,9580,-90)
set(15,25197,9136,90)
set(35,25024,8764,-90)
set(15,9447,4586,180)
set(33,9447,3736,180)
set(15,9447,-1014,180)
set(15,9447,-6614,180)
set(33,9447,-3814,180)
set(15,30797,9136,-90)
set(17,9447,-11164,90)
set(15,13997,-11164,90)
set(15,19597,-11164,90)
set(15,30797,-11164,90)
set(17,35347,9136,-90)
set(17,35347,-11164,180)
set(15,35347,-6614,180)
set(15,35347,4586,180)
set(16,35347,-1014,0)
set(16,25197,-11164,90)
set(18,0,-5600,180)p

maxl(13,-19629,-17659)
maxb(14,-20059,-17229)
maxr(13,47570,-17659)
maxt(14,42340,-17229)
