snap(18,-16,6)
sky(210,225,170)
fog(200,204,153)
clouds(210,210,210,1,-1000)
ground(205,193,170)
texture(0,0,0,10)
fadefrom(5000)
density(8)
mountains(20461)
nlaps(3)



name(A New Beggining)


set(47,0,0,0)p
set(10,0,5600,180)p
set(10,0,11200,0)
set(26,0,11200,0)pr
set(10,0,16800,180)p
set(10,0,22400,0)p
set(10,0,28000,0)
chk(40,0,29000,0)
set(14,0,32550,-90)pt
set(22,-2310,32550,-90)p
set(18,-5670,32550,90)p
set(19,-10220,32550,0)pt
set(21,-10220,28000,0)p
set(15,-10220,22400,0)p
fix(41,-10220,14000,-1200,0)
set(15,-10220,16800,0)
set(35,-10220,17000,0)pr
set(15,-10220,11200,180)p
set(15,-10220,5600,0)p
set(20,-10220,0,180)p
set(14,-10220,-4550,90)pt
set(10,-5670,-4550,90)p
set(23,-4345,-4550,90)p
set(24,3435,-4550,90)p
set(15,6235,-4550,90)p
set(17,10785,-4550,180)
chk(42,9035,-4550,90)
set(16,10785,0,180)p
set(15,10785,5600,180)
set(15,10785,11200,180)
set(50,10785,11120,0)pr
fix(41,10785,16570,-1000,0)
set(15,10785,16800,180)
set(15,10785,22400,180)p
set(15,10785,28000,180)p
set(15,10785,33600,180)p
set(17,10785,38150,-90)
chk(42,10785,36400,0)
set(15,6235,38150,-90)
set(16,635,38150,-90)
set(33,4235,38150,90)pr
set(15,-4965,38150,90)
set(33,-3235,38150,90)pr
set(15,-10565,38150,90)p
set(17,-15115,38150,0)
chk(42,-13365,38150,90)
set(15,-15115,33600,180)p
set(20,-15115,28000,180)p
set(10,-15115,22400,180)
set(26,-15115,21270,180)pr
set(10,-15115,16800,180)p
set(10,-15115,11200,180)p
set(10,-15115,5600,180)
set(32,-14648,5876,180)
set(32,-15624,5908,180)
set(32,-15144,5444,180)pr
set(10,-15115,0,180)p
set(10,-15115,-5600,180)p
set(14,-15115,-10150,90)pt
set(10,-10565,-10150,90)p
set(10,-4965,-10150,90)
chk(40,-7150,-10150,90)
set(10,-4550,-10150,90)p
set(14,0,-10150,180)pt

set(16,-4550,2800,0)
set(15,-4550,8400,0)
set(33,-4550,10000,0)
set(15,-4550,14000,0)
set(33,-4550,14000,0)
set(15,-4550,19600,0)
set(33,-4550,18000,0)
set(15,-4550,25200,0)
set(24,-4550,28000,0)
set(24,-4550,0,180)
set(16,5050,2800,0)
set(15,5050,8400,0)
set(33,5050,10000,0)
set(15,5050,14000,0)
set(33,5050,14000,0)
set(15,5050,19600,0)
set(33,5050,18000,0)
set(24,5050,0,180)
set(16,5050,25200,180)
set(15,5050,30800,180)
set(24,5050,33600,0)
set(10,0,-5600,0)p


maxl(12,-18755,-12340)
maxb(7,-14740,-16355)
maxr(12,14844,-12340)
maxt(7,42859,-16355)
