snap(7,-38,-78)
sky(120,50,50)
fog(70,0,0)
clouds(255,255,255,5,-1000)
ground(130,70,70)
texture(0,0,0,10)
fadefrom(5000)
density(3)
mountains(11818)
nlaps(11)
name(Scrapyard Bloodbath)
lightson()


set(47,0,0,0)
set(10,0,5600,0)p
set(10,0,11200,0)p
set(14,0,15750,0)
chk(40,1750,15750,90)r
set(14,3500,15750,-90)pt
set(20,3500,11200,0)
set(15,3500,5600,0)
set(33,3500,7564,180)pr
set(16,3500,0,180)p
set(15,3500,-5600,0)p
set(17,3500,-10150,90)
chk(42,3500,-8400,0)r
set(15,8050,-10150,90)p
set(17,12600,-10150,180)pt
set(17,12600,-6650,-90)pt
set(17,9100,-6650,90)pt
set(15,9100,-2100,180)
set(35,9100,-2687,180)pr
set(15,9100,3500,180)
set(33,9100,1814,180)pr
set(15,9100,9100,180)p
set(17,9100,13650,0)
chk(42,9100,11900,0)r
set(15,13650,13650,90)p
set(17,18200,13650,180)
chk(42,18200,15400,0)r
set(17,18200,17150,-90)po
set(15,13650,17150,90)p
set(15,10160,17150,90)
set(24,7360,17150,90)
set(34,8073,17150,-90)pr
fix(41,-3640,17150,-1000,90)
set(24,-3640,17150,-90)p
set(15,-6440,17150,-90)p
set(15,-8050,17150,90)p
set(15,-13650,17150,90)p
set(17,-18200,17150,0)
chk(42,-18200,15400,0)r
set(17,-18200,13650,90)pt
set(15,-13650,13650,90)p
set(17,-9100,13650,-90)pt
set(20,-9100,9100,180)p
set(14,-9100,4550,180)
chk(40,-9100,6300,0)r
set(22,-11410,4550,-90)p
set(18,-14770,4550,90)
set(18,-18130,4550,90)
set(36,-15799,6360,0)
set(36,-13839,6360,0)
set(36,-17759,6360,0)ph
set(22,-21490,4550,90)p
set(14,-23800,4550,0)
chk(40,-23800,2800,0)r
set(10,-23800,0,0)p
set(10,-23800,-5600,0)p
set(14,-23800,-10150,90)
chk(40,-22050,-10150,90)r
set(10,-19250,-10150,90)
set(23,-16450,-10150,90)
set(27,-15772,-10150,-90)pr
set(10,-4550,-10150,-90)p
set(14,0,-10150,180)
chk(40,-1750,-10150,90)r
set(10,0,-5600,0)

set(15,-13340,-2601,90)
fix(41,-17218,-2601,-1700,90)
set(24,-16140,-2601,90)
set(15,-10059,-2601,-90)
set(24,-7259,-2601,-90)
set(34,-9750,-2601,90)
set(24,18200,8664,0)
set(24,18200,-3356,180)
set(15,18200,5864,180)
set(15,18200,-556,180)
set(15,18200,264,180)
set(50,18200,6123,0)
set(23,-7350,-10150,-90)

set(26,0,-2200,0)pr

maxl(7,-28931,-10900)
maxb(11,-13300,-26531)
maxr(7,23869,-10900)
maxt(11,20300,-26531)
