snap(-48,-29,22)
sky(199,225,255)
fog(184,214,247)
clouds(199,226,255,0,-1500)
ground(228,228,228)
texture(0,10,255,55)
fadefrom(6980)
density(3)
mountains(34588)
nlaps(6)
name(Deep Sea Rush)
lightson()

set(48,0,0,0)p
set(15,0,5600,0)
set(15,0,11200,0)
set(33,0,8034,0)pr
set(15,0,16800,180)p
chk(42,0,19600,0)
set(17,0,21350,-90)pt
set(16,-4550,21350,90)p
set(15,-10150,21350,-90)p
set(17,-14700,21350,0)pt
set(15,-14700,16800,0)
set(15,-14700,11200,0)
set(34,-14700,12131,0)pr
set(15,-14700,5600,0)
set(15,-14700,0,0)
set(33,-14700,3335,0)
set(20,-14700,-5600,180)p
chk(40,-14700,-8400,0)
set(14,-14700,-10150,90)pt
set(10,-10150,-10150,90)
set(10,-4550,-10150,90)
set(32,-7696,-9800,-90)
set(32,-6772,-10500,-90)
set(10,1050,-10150,90)p
chk(40,3850,-10150,90)
set(14,5600,-10150,180)pt
set(10,5600,-5600,180)p
set(10,5600,-3290,180)
set(26,5600,288,0)pr
set(23,5600,-490,180)
set(23,5600,7970,0)
set(30,5600,8835,180)pl
set(10,5600,11200,0)
set(10,5600,16800,180)p
set(10,5600,22400,180)p
set(10,5600,22640,0)p
chk(40,5600,25440,0)
set(14,5600,27190,-90)pt
set(10,1050,27190,-90)
set(10,-4550,27190,-90)
set(28,-2540,27190,90)pr
set(10,-10150,27190,-90)p
set(10,-15750,27190,-90)p
chk(40,-18550,27190,90)
set(14,-20300,27190,0)pt
set(10,-20300,22640,0)
set(20,-20300,17040,0)
set(26,-20300,20790,180)pr
set(15,-20300,11440,0)
set(33,-20300,11245,180)
set(16,-20300,5840,180)p
set(15,-20300,240,0)
set(35,-20095,1130,180)
set(35,-20705,-540,180)pr
set(15,-20300,-5360,0)p
set(15,-20300,-10960,0)p
chk(42,-20300,-13760,0)
set(17,-20300,-15510,180)pt
set(15,-24850,-15510,90)p
set(15,-30450,-15510,90)p
set(17,-35000,-15510,90)pt
chk(42,-35000,-13760,0)
set(15,-35000,-10960,180)
set(15,-35000,-5360,180)
set(35,-35310,-6740,0)pr
set(35,-34590,-5330,0)
set(15,-35000,240,180)p
set(15,-35000,5840,180)p
chk(42,-35000,8640,0)
set(17,-35000,10390,0)pt
set(17,-31500,10390,-90)pt
set(15,-31500,5840,0)p
set(20,-31500,240,180)p
set(10,-31500,-5360,180)
set(28,-31500,-7870,0)pr
set(23,-31500,-9862,0)
set(10,-31500,-22160,180)p
chk(40,-31500,-24960,0)
set(14,-31500,-26710,90)pt
set(10,-26950,-26710,90)p
set(10,-21350,-26710,90)
set(26,-22338,-26710,-90)pr
fix(41,-16086,-26710,-1700,90)
set(10,-15750,-26710,90)p
set(10,-10150,-26710,90)p
set(10,-4550,-26710,90)
chk(40,-5726,-26710,90)
set(14,0,-26710,180)pt
set(20,0,-22160,180)p
set(15,0,-16560,180)p
set(24,0,-14296,0)
set(24,0,-2800,180)
set(23,-31500,-20653,180)
set(24,-7350,15450,0)
set(15,-7350,12650,0)
set(34,-7350,12139,180)
fix(41,-7350,6090,-2000,0)
set(15,-7350,7050,0)
set(15,-7350,1450,0)
set(24,-7350,-4050,180)
set(15,-7350,-1250,180)
set(34,-7350,-429,180)
set(34,0,-15656,0)pr

maxl(13,-38514,-28560)
maxb(10,-30960,-36114)
maxr(13,9485,-28560)
maxt(10,31440,-36114)
